 | 1 | 1 |  |  |  |  |  |  |  | 2 |  |
| 2023-04 | 1 |  |  |  |  |  | 1 |  |  |  |  | 1 |  |  |  |  |  | 1 |  |  |  |  | 5 |  |
| 2023-05 | 5 |  |  |  |  |  |  |  |  |  |  | 5 |  |  |  |  |  |  |  |  |  |  | 6 |  |
| 2023-06 | 3 | 1 |  |  |  | 1 |  |  |  |  |  | 2 | 1 |  |  |  | 1 |  |  |  |  |  | 3 |  |
| 2023-07 | 1 |  | 1 | 1 |  |  |  |  |  | 1 | 1 |  |  |  |  |  |  |  |  | 1 |  | 1 | 5 |  |
| 2023-08 |  |  | 1 |  |  |  |  |  |  |  |  |  |  | 1 | 1 |  |  |  |  |  |  |  | 5 |  |
| 2023-09 |  |  | 1 |  |  |  |  |  |  |  |  |  |  | 1 | 1 |  |  |  |  |  |  |  | 4 |  |
| 2023-10 | 1 |  |  | 1 |  |  | 1 |  |  |  |  | 1 |  |  | 1 |  |  | 1 |  |  |  |  | 3 |  |
| 2023-11 |  |  |  |  |  |  |  |  |  |  |  |  |  |  |  |  |  |  |  |  |  |  | 6 |  |
| 2023-12 | 3 |  | 1 | 1 |  |  |  |  |  |  |  | 8 |  | 1 | 1 |  |  |  |  |  |  |  | 15 |  |
| 2024-01 | 3 |  |  |  |  |  |  |  |  |  |  | 4 |  |  |  |  |  |  |  |  |  |  | 2 |  |
| 2024-02 | 4 |  |  |  |  |  |  |  |  |  |  | 3 |  |  |  |  |  |  |  |  |  |  | 5 |  |
| 2024-03 |  |  | 3 | 3 |  |  |  |  |  |  |  |  |  | 3 | 4 |  |  |  |  | 1 |  |  | 4 |  |
| 2024-04 |  |  | 1 |  |  |  | 1 |  |  |  |  | 4 | 1 |  |  |  |  |  |  |  |  |  | 4 |  |
| 2024-05 |  |  |  |  |  |  |  |  |  |  |  | 2 | 1 | 1 |  |  |  |  |  |  |  |  | 3 |  |
| 2024-06 | 3 |  |  |  |  |  |  |  |  |  |  | 1 |  |  |  |  |  |  |  |  |  |  | 4 |  |
| 2024-07 |  |  |  |  |  |  |  |  |  |  |  | 3 | 1 |  | 1 |  |  |  |  | 1 |  |  | 4 |  |
| 2024-08 |  |  |  |  |  |  |  |  |  |  |  | 2 |  | 1 |  |  |  |  |  |  |  |  | 2 |  |
| 2024-09 |  |  |  |  |  |  |  |  |  |  |  | 3 |  |  |  |  |  |  |  |  |  |  |  |  |
| 2024-10 |  |  |  |  |  |  |  |  |  |  |  | 3 |  |  | 3 | 1 |  |  |  |  |  |  |  |  |
| 2024-11 |  |  |  |  |  |  |  |  |  |  |  |  |  |  |  |  |  |  |  |  |  |  |  |  |
| 2024-12 |  |  |  |  |  |  |  |  |  |  |  |  |  |  |  |  |  |  |  |  |  |  |  |  |
| 2025-01 | 2 |  |  |  |  |  | 1 |  |  |  |  | 2 |  |  |  |  |  |  |  |  |  |  | 5 |  |
| 2025-02 |  |  |  |  |  |  | 1 |  |  |  |  | 2 | 1 |  |  |  |  |  |  |  |  |  | 7 |  |
| 2025-03 |  |  | 2 | 1 |  |  |  |  |  |  |  | 3 |  | 2 | 1 |  |  |  |  |  |  |  | 14 |  |
| 2025-04 | 2 |  |  |  |  |  |  |  |  |  |  | 7 |  |  |  |  |  |  |  |  |  |  | 11 |  |
| 2025-05 | 4 |  |  |  |  | 1 |  |  |  |  |  | 5 | 1 |  |  |  | 1 |  |  |  |  |  | 6 |  |
| 2025-06 | 3 |  | 1 |  |  |  |  |  |  |  |  | 2 |  | 2 |  |  |  |  |  |  |  |  | 3 |  |
| 2025-07 | 11 |  |  |  |  |  |  |  |  |  |  | 4 | 1 |  |  |  |  |  |  |  |  |  | 4 |  |
| 2025-08 | 5 |  |  | 1 |  |  |  |  |  |  |  | 2 |  | 2 | 1 |  |  |  |  |  |  |  | 5 |  |
| 2025-09 | 2 |  |  | 1 |  |  |  |  |  |  |  | 4 |  | 1 |  |  |  |  |  |  |  |  | 8 |  |
| 2025-10 | 1 |  |  |  |  |  |  |  |  |  |  | 4 |  |  |  |  |  |  |  |  |  |  | 6 |  |
| 2025-11 | 3 |  |  |  |  |  |  |  |  |  |  | 4 |  |  |  |  |  |  |  |  |  |  | 8 |  |
| 2025-12 | 4 |  |  |  |  |  |  |  |  |  |  | 3 |  |  |  |  |  |  |  |  |  |  | 7 |  |
| 2026-01 | 3 |  |  | 1 |  |  |  |  |  |  |  | 2 |  |  | 1 |  |  |  |  |  |  |  | 8 |  |
| 2026-02 |  |  |  |  |  |  |  |  |  |  |  | 1 |  | 2 |  |  | 